*****************J = 1000000000.0000000000**************************

OUTPUT : 1
OUTPUT :0.00000 0.93462 0.00000 0.03501 0.00000 0.00000 0.00000 0.00003 0.00000 0.00000 
